Multiplication time: 17085 microseconds
Number of operations: 1990000
3405 3006 3093 3321 3032 3486 3264 3022 3088 3329 3186 3045 3475 3000 3478 3486 3420 3290 3339 3283 3201 2875 3509 2961 3188 2973 3110 3427 3361 2787 3394 3036 3081 3142 3295 3636 3338 3055 2994 3190 3296 3212 3310 2937 2871 3376 3211 3292 3020 2945 3179 3049 3656 3128 3129 3141 2988 3018 3335 3277 3061 3457 3312 3251 3219 3281 3201 3295 3333 2902 3221 3207 3175 3178 3454 3241 3396 3265 3495 3112 2871 3168 3096 2915 3298 3301 2781 3371 3199 3193 2823 3335 3483 3215 3119 3114 3211 3103 2980 3092 
2823 2696 2840 2794 2631 3269 2781 2696 2791 3180 2807 2728 2874 2867 2944 3060 2817 2920 2842 2992 2697 2516 3059 2702 2769 2788 2615 3040 2979 2665 3176 2558 2636 2806 2871 3324 2842 2785 2634 2605 2891 2881 2657 2664 2585 2977 2982 2938 2695 2837 2816 2736 3135 2907 2728 2785 2529 2780 2924 3153 2652 3219 2894 3017 2986 2929 2787 2748 2916 2577 2967 3106 2795 2784 2944 2767 3065 2959 2955 2777 2795 2716 2855 2814 2872 3067 2599 2912 2907 2725 2580 2946 2830 2856 2816 2775 2887 2721 2655 2881 
3094 2803 3050 2917 2857 3324 3135 3075 3005 3147 3077 3171 3185 3001 3166 3334 3190 3220 3148 2952 3053 2709 3235 2846 3159 2863 2830 3291 2933 2632 3182 2846 2951 3044 3169 3438 3155 2876 2885 3033 3304 3153 3073 2820 2591 3024 3148 3127 2849 2904 2881 2863 3389 3002 2931 2814 2656 2910 3223 3112 3118 3285 2990 2975 3109 2830 2955 2930 3181 2763 3020 3206 2818 2867 3318 3133 3165 3043 3150 3049 2681 2916 3051 2845 3128 3187 2832 2993 3032 2776 2731 3078 3344 2972 2945 3039 2942 2954 2639 2985 
2903 2713 3119 3275 2881 3413 3143 3022 3046 3307 3131 2939 3240 2963 3054 3346 3180 3073 3190 3250 3115 2745 3282 2900 3089 3144 2817 3187 3129 2756 3170 2740 3004 2816 3094 3538 3219 2987 2786 2872 3097 3146 3043 2867 2670 3091 3148 3088 2924 3004 2876 3046 3326 3199 2949 2908 2743 2988 3247 3372 3226 3177 3134 3068 3098 3154 2991 3167 3365 2927 2902 3327 2887 3078 3123 3064 3090 3272 3137 2982 2677 2917 3095 3103 3050 3182 3037 3016 2965 2845 2660 3012 3332 3063 2983 3086 3064 2917 2806 3154 
2976 2668 2934 2998 2887 3152 2874 2845 2783 3141 2879 3015 3095 2917 2899 3305 3207 2990 3085 2883 2893 2818 3015 2989 3056 2840 2825 3026 3065 2511 3131 2774 2762 2660 3030 3540 3090 2671 2671 2806 3088 3035 3002 2656 2660 2983 3047 3106 2995 2854 2871 2694 3244 2873 2806 2859 2649 2799 2883 3173 2931 3051 3130 2894 2954 2801 2905 3100 2895 2757 2799 2981 2778 3017 3070 3128 2895 2890 3150 2972 2551 2709 2937 2669 3009 3020 2809 3043 2897 2907 2720 2827 3122 2822 2912 2969 2790 2822 2710 2861 
2914 2421 2816 2658 2608 2731 2825 2805 2773 2886 2860 2794 2920 2682 2730 2996 3012 2819 2747 2828 2721 2451 2870 2829 2910 2730 2511 2754 2780 2305 2898 2479 2565 2588 3037 3075 2936 2632 2466 2726 2990 2513 2658 2503 2578 2716 2897 3020 2498 2653 2621 2675 2979 2824 2658 2692 2607 2715 2956 2871 2714 2766 2738 2814 2753 2687 2617 2768 2875 2453 2955 2790 2728 2775 2806 2729 2773 2918 2853 2573 2569 2618 2476 2574 2797 2816 2614 2953 2724 2712 2304 2813 2824 2598 2602 2787 2671 2627 2329 2802 
3032 2793 2901 2979 2891 3306 3104 2756 2838 3017 3100 2932 3080 3006 3127 3281 3181 3263 3015 2934 2941 2551 3274 3018 3001 2941 2723 3137 3105 2734 3117 2865 2880 2891 2943 3539 3080 2829 2891 2753 2955 2925 3105 2701 2761 3021 3180 2965 2949 2923 2895 2767 3432 3026 2947 2869 2768 2778 3168 3151 2748 3289 2993 3126 3102 2859 3050 3138 3005 2563 3063 3122 3026 2973 3107 3041 3010 3017 3183 2956 2794 2968 2945 2678 2982 3099 2588 3021 3020 2940 2676 3044 3048 3010 2851 3117 2839 2870 2829 3116 
3310 3138 3242 3307 3202 3476 3303 3027 3121 3432 3242 3288 3476 3128 3183 3746 3462 3308 3390 3203 3188 2796 3365 3024 3297 3146 3210 3574 3331 2937 3281 3002 3146 2947 3351 3917 3458 2999 3081 3105 3382 3164 3282 2954 2863 3164 3394 3310 3182 3069 3157 3222 3583 3310 3199 3096 3087 3035 3419 3358 3321 3237 3314 3053 3240 3222 3223 3356 3129 2862 3162 3420 3226 3047 3268 3393 3363 3298 3347 3164 3013 3116 3257 3139 3323 3367 3064 3398 3151 3347 2856 3372 3327 3298 3050 3250 3139 3145 3024 3268 
3286 2972 3068 3095 2917 3357 3104 3024 3080 3164 3150 3145 3221 3121 3196 3590 3328 3168 3217 3268 3130 2819 3415 3100 3176 3120 2999 3508 3218 2690 3408 2894 3082 3067 3303 3506 3372 3077 3111 3159 3266 3115 3302 3062 2963 3168 3275 3302 3043 2964 3121 2910 3509 3119 3093 2983 2984 2981 3324 3290 3080 3387 3306 3174 3182 3147 2987 3188 3200 2776 3122 3312 2976 3154 3292 3212 3346 3209 3296 3127 2906 2961 3150 2932 3323 3224 2771 3317 3003 3186 2866 3256 3288 3277 3106 3158 3119 3077 3131 3090 
2957 2637 2727 2898 2730 3027 2917 2620 2688 2883 2817 2755 2899 2638 2947 3195 2944 2909 2993 2892 2905 2547 3110 2722 2870 2794 2563 3000 3004 2483 2932 2622 2730 2532 2903 3168 2943 2750 2483 2729 2935 2911 2919 2619 2601 2951 2945 2905 2672 2722 2764 2801 3274 2764 2778 2818 2496 2628 2949 3036 2748 3084 2875 2811 2832 2979 2974 2987 2866 2481 2807 2823 2822 2755 2965 2818 2843 2966 3062 2773 2734 2882 2828 2798 2846 2789 2622 3085 2566 2827 2418 3026 2991 2844 2812 2821 2765 2784 2752 2921 
2944 2545 2708 2752 2680 2986 2789 2674 2717 2971 2849 2815 2935 2848 2804 3032 3026 2886 2734 2767 2752 2428 3007 2651 2824 2884 2642 2757 2832 2435 2949 2544 2593 2716 2991 3247 3021 2792 2588 2839 2866 2573 2819 2605 2773 2725 2864 2948 2665 2599 2745 2738 3121 2806 2829 2690 2653 2709 2907 2951 2853 2962 2820 2933 2783 2875 2744 2902 2761 2387 3004 2906 2789 2781 2776 2808 2758 2938 2937 2795 2608 2859 2716 2576 2924 2999 2636 2962 2793 2866 2448 2825 2951 2860 2579 2878 2841 2789 2580 2908 
2888 2721 2849 3009 2872 3210 2971 2955 2909 3090 2998 2971 3195 2967 2943 3229 3232 3094 3134 2916 3002 2629 3248 2906 3116 2958 2726 3161 3008 2580 3121 2805 2832 2937 3137 3426 3140 2711 2846 2988 3189 3084 3044 2739 2508 3016 3095 2979 2991 2859 2992 2845 3336 3092 3052 2844 2789 3039 3245 3389 2947 3259 2919 3079 2885 2965 2870 2909 2945 2713 2989 3069 2949 2910 3040 2975 3121 3229 3143 2844 2701 2852 2952 2774 2948 3007 2812 3025 2906 2794 2668 2975 3133 3112 2837 3147 2904 2937 2593 2954 
3355 2932 3327 3445 3209 3552 3548 3273 3188 3439 3293 3254 3470 3169 3424 3633 3570 3273 3547 3344 3204 2992 3343 3213 3421 3261 3005 3410 3305 2823 3366 3055 3144 3216 3422 3632 3544 2993 3016 3230 3535 3295 3328 3021 2990 3232 3389 3390 3021 3258 3289 3316 3671 3434 3318 3206 2789 3302 3583 3597 3264 3483 3337 3434 3328 3416 3268 3370 3394 2935 3281 3413 3312 3182 3319 3411 3251 3445 3486 3203 3052 3317 3350 3128 3440 3388 3289 3331 3196 3155 2797 3524 3388 3116 3168 3291 3174 3205 2930 3414 
2985 2656 3013 3075 2828 3177 2908 2811 2920 3069 2863 2869 3146 2778 3024 3074 2978 3104 3110 2941 2939 2636 3191 2827 3117 2794 2777 3138 3074 2587 2972 2712 2714 2871 2975 3480 3256 2618 2667 2898 2951 2943 3050 2582 2724 2947 3045 3038 2838 2794 2893 2827 3136 2943 2876 2696 2741 2798 3048 3202 2941 2968 3159 2906 2909 2837 3090 3045 2945 2708 2860 3230 2875 2900 2983 3075 3003 2997 2993 3005 2694 2853 2951 2792 2958 2901 2847 2974 2864 2869 2662 3085 3169 2936 2824 2954 2803 2856 2603 2940 
3184 2906 3121 3315 3233 3596 3448 3117 3222 3457 3407 3057 3414 3252 3234 3675 3385 3255 3325 3247 3274 2837 3466 3017 3349 3417 2859 3413 3308 2858 3451 3027 3059 3082 3301 3698 3553 3108 3141 3048 3388 3323 3239 3015 2966 3369 3561 3568 3263 3129 3214 3116 3645 3440 3171 3122 3003 3257 3471 3638 3176 3558 3465 3340 3280 3347 3195 3352 3195 2857 3316 3528 3267 3157 3184 3264 3418 3383 3536 3151 2966 3242 3315 3068 3399 3508 3215 3308 3161 3332 2876 3367 3420 3534 3178 3312 3204 3110 3007 3417 
2761 2478 3010 2978 2682 3032 2944 2888 2639 2883 2754 2618 3017 2780 2863 3009 3116 2922 3123 2814 2948 2564 3035 2737 3121 2781 2752 3110 3000 2356 2820 2725 2798 2697 3007 3128 3065 2802 2668 2930 3053 2912 2963 2743 2446 2871 3005 2778 2738 2737 2782 2654 3263 3086 2907 2699 2642 2801 2991 3067 2720 2837 2888 2992 2890 2764 2795 2871 3065 2444 2861 2801 2939 2799 2867 2922 3038 3071 3087 2806 2632 2720 2739 2680 2922 2894 2792 2967 2903 2787 2523 3057 3044 2806 2753 2990 2646 2864 2630 2952 
3245 2819 3058 3009 3115 3232 3046 2866 2760 3220 2940 3139 3357 2973 3058 3269 3092 2973 3122 3021 3043 2656 3202 2900 3296 2853 2819 3087 2923 2699 3124 2758 2889 2816 3145 3602 3198 2715 2697 2766 3057 3050 3094 2754 2634 3088 2870 2991 2842 3024 2846 2919 3373 3091 3058 2920 2711 2874 3318 3373 3189 3109 2988 3108 3000 2845 2872 3013 2936 2659 2950 3099 2905 2805 2944 3066 3185 3165 3225 2825 2913 2906 3066 2879 3099 3012 2807 3120 2881 2981 2701 3183 3077 2932 2834 3123 2775 2738 2738 2977 
2942 2756 2866 2890 2751 3239 2843 2702 2788 3018 2925 2874 2819 2786 2899 3231 3174 3005 3013 2911 2807 2589 3064 2689 2877 2996 2776 3128 2910 2444 3028 2799 2744 2793 3018 3409 2856 2688 2842 2710 2882 2882 2822 2800 2714 2766 3084 3082 2730 2864 2761 2836 3255 2908 2912 2747 2601 2834 2950 3164 2902 3064 3161 3002 2887 2832 2760 2824 2775 2466 2866 3035 2838 2916 2987 2955 3020 2785 3091 2858 2709 2858 2915 2692 2951 3135 2763 3070 2916 3012 2858 3050 2896 2826 2719 2806 2826 2815 2695 2830 
3052 2988 3012 3089 3088 3433 3112 3011 2992 3282 3009 3111 3293 2903 3153 3341 3256 3279 3122 3099 3087 2715 3215 2968 3193 2859 2739 3380 3172 2628 3185 3015 2899 3043 3245 3568 3258 2824 2880 3077 3236 3232 3094 2920 2694 3205 3165 3071 2976 3091 3014 2891 3591 3085 3032 2912 2805 2943 3231 3330 3049 3352 3163 3171 3062 2960 3219 2936 3013 2722 3067 3233 2980 2887 3095 3142 3190 3147 3231 2990 2950 2924 3072 2868 3050 3221 2824 3276 3146 2938 2718 3200 3191 3033 3143 3126 2862 3200 2799 2992 
3249 2912 3162 3290 3083 3665 3301 3159 3208 3361 3274 3312 3514 3139 3201 3475 3352 3232 3286 3437 3181 2858 3536 3159 3306 3179 2932 3474 3234 2836 3348 3031 2979 3237 3470 3966 3433 2895 3064 3233 3348 3221 3259 3101 2996 3310 3184 3099 3074 3013 3087 3010 3604 3314 3269 3196 2881 3062 3465 3375 3136 3294 3344 3429 3384 3204 3164 3359 3188 2920 3325 3352 3142 3191 3469 3334 3210 3286 3273 3131 3164 3040 3153 2784 3269 3376 2890 3232 3374 3247 2924 3306 3398 2987 3188 3238 3277 3244 2995 3305 
3320 2896 3049 3297 3091 3448 3376 3137 2869 3440 3000 3241 3273 3109 3347 3422 3284 3341 3141 3141 3192 2719 3336 3087 3197 3054 2888 3270 3281 2680 3431 3017 2967 3029 3077 3674 3205 2852 3001 3074 3314 3252 3175 2877 2856 3187 3260 3261 3100 3039 3242 3021 3460 3212 3244 3047 2835 2993 3258 3374 3187 3348 3309 3278 3209 3267 3145 3178 3182 2855 3100 3358 3077 3110 3357 3224 3223 3111 3306 3207 2934 2877 3185 3062 3073 3420 2855 3260 3267 3013 2844 3195 3226 3022 2948 3022 3155 3012 2891 3115 
2908 2786 2949 3103 2784 3488 3051 2951 2892 3164 3006 2711 3045 3013 3151 3273 3194 2863 3060 3177 2837 2783 3185 3059 2928 2921 2855 3177 3145 2788 3198 2919 2795 2850 3054 3595 3196 2775 2860 2809 3115 3097 3040 2704 2670 2944 3197 3080 3022 3002 3014 2770 3330 3132 2862 2997 2774 2783 3114 3247 2906 3215 3239 3136 3137 3088 2894 3044 3106 2792 2926 2989 2997 3069 3076 3041 3096 3216 3089 2992 2792 2889 3029 2727 3071 3062 2849 3011 2982 2918 2860 3066 3030 3017 3031 2914 2908 2939 2815 2996 
2952 2591 2742 2766 2739 3165 2916 2720 2692 3072 2761 2752 2929 2769 2883 3045 3033 3118 2887 2924 2952 2570 2920 2862 2979 2825 2638 3021 3036 2460 3236 2827 2636 2697 2831 3163 2873 2594 2728 2660 2960 2865 3054 2612 2752 2907 2872 3037 2833 2916 2779 2742 3174 2994 2778 2885 2578 2877 2916 3152 2817 3032 2875 2938 2870 2829 2887 3046 2998 2688 2859 3060 2862 2684 2955 2892 2861 2926 3030 2825 2525 2582 2734 2553 2748 3098 2693 2976 2760 2840 2563 2900 3034 2819 2702 2865 2530 2847 2586 2947 
3153 3094 3276 3275 3131 3671 3325 3176 3307 3430 3371 3287 3524 3229 3356 3576 3539 3363 3401 3386 3491 2830 3529 3099 3319 3282 3109 3529 3278 2788 3457 3170 3164 3145 3388 3727 3415 3222 3223 3169 3255 3351 3416 3148 2987 3345 3469 3390 3303 3279 3271 3181 3551 3368 3375 3288 2974 3297 3445 3583 3053 3461 3431 3475 3173 3186 3246 3317 3191 2838 3305 3460 3282 3184 3340 3270 3469 3510 3575 3265 2986 3180 3214 3089 3290 3539 3133 3293 3401 3339 3047 3401 3407 3162 3183 3349 3130 3200 2943 3328 
3076 2899 2842 2802 2814 3224 2902 2820 2932 3083 3125 2888 2992 2958 3123 3377 3150 3265 3095 2871 2974 2673 3177 2958 3036 2900 2832 3255 2960 2559 3113 2750 2888 2850 3182 3329 3103 2724 2713 2940 3143 2880 2934 2754 2690 3015 3161 3070 2875 2772 2963 2727 3533 3105 3032 2884 2669 2782 3134 2994 2722 3075 2985 2916 3018 2935 2988 3153 2954 2600 3089 3143 2974 3031 3034 2939 3095 3050 3110 3015 2751 2918 2928 2742 3077 3161 2603 3181 2946 3020 2572 3046 3167 2972 3021 2840 2754 2825 2741 2953 
2998 2670 3066 2974 2986 3258 2933 2795 2814 3238 3035 2876 3185 2837 3044 3302 3216 3228 3201 3041 2962 2699 3237 3068 2948 2944 2829 3159 3082 2640 3107 2914 2943 2900 3025 3546 3145 2778 2718 2926 2936 2864 3030 2770 2732 3034 3024 2937 3010 3018 2945 2930 3333 3061 3052 2925 2724 2823 2961 3206 2981 3137 3033 3052 3067 3093 2918 3097 2967 2650 2992 3114 2960 3049 3002 3030 3025 3133 3325 2908 2767 2889 2981 2869 3015 2994 2759 3049 3055 3077 2692 3152 2971 2899 2898 3027 2900 2945 2841 3173 
3101 2794 2928 2927 2802 3154 2895 2773 2921 3109 2879 2965 2979 2952 3042 3359 3263 3238 3017 2963 3072 2626 3285 2927 3041 3059 2854 3213 2966 2646 3226 2873 2760 2986 3061 3414 3108 2952 2883 2951 3001 2936 2914 2829 2826 3018 3151 3088 2845 2926 2796 2732 3458 3081 3062 2913 2669 2932 3128 3193 2870 3170 3109 3086 3055 2929 2820 3154 2988 2565 3043 3192 2914 2902 3117 2881 3090 2921 3152 2809 2836 3015 2910 2729 2963 3028 2751 3181 2971 3032 2606 3114 3198 2956 2947 2863 2839 2954 2673 3004 
3005 2732 2870 3125 2785 3387 3022 2878 2824 3125 2963 2903 3243 2836 3025 3098 3228 3002 3032 3004 3057 2668 3357 2927 2968 3009 2705 3224 3146 2631 2962 2694 2625 2855 3153 3373 3181 2792 2830 2793 3147 3159 3051 2774 2630 3017 3016 2924 2881 2929 2988 2752 3433 2982 2807 2875 2792 2825 3102 3325 3057 3194 3074 3182 3038 2987 3014 2982 2986 2836 2860 3059 2875 2836 3143 2964 3118 3114 3018 2949 2886 2832 2901 2786 2862 3107 2878 2959 2988 2816 2766 3075 3178 2975 2902 3041 2806 2814 2922 2896 
2705 2620 2843 2792 2757 2926 2810 2590 2533 2869 2626 2699 2780 2771 3031 2922 2973 2998 2714 2738 2734 2396 2908 2724 2841 2641 2506 2798 2904 2443 2907 2682 2648 2664 2772 3206 2889 2514 2517 2522 2942 2757 2678 2495 2438 2828 2809 2742 2638 2666 2668 2551 3103 2849 2810 2736 2404 2657 2800 3012 2492 2812 2828 2818 2934 2737 2684 2834 2640 2381 2712 2887 2672 2698 2772 2797 2842 2764 3027 2894 2581 2644 2867 2533 2760 2716 2486 2785 2791 2797 2349 2638 2864 2675 2533 2808 2718 2678 2491 2893 
3033 2863 3101 2970 3047 3356 3179 2862 2864 3272 2928 3001 3398 2839 3015 3330 3368 3259 3103 3195 2968 2705 3224 3041 3071 2952 2811 3266 3056 2661 3174 2959 2909 2893 3180 3639 3104 2856 2819 2976 3084 3087 3086 2768 2801 3016 3113 2957 3026 2867 3053 2941 3461 3120 2974 2881 2712 2800 3208 3330 2914 3098 2977 3172 3050 2946 3160 3116 3168 2822 2979 3083 3137 2974 3117 3185 3018 3160 3325 2952 3003 3143 2943 2821 3147 3287 2795 3140 3051 3042 2706 3179 3279 2855 2977 2995 2936 2746 2923 3164 
3420 2932 3176 3267 3082 3457 3280 3081 3072 3446 3078 3099 3315 3133 3264 3426 3352 3291 3195 3226 3212 2887 3451 3134 3267 3124 3121 3455 3359 2802 3448 2922 2996 2949 3145 3699 3244 2857 2961 2995 3299 3237 3118 2975 3000 3195 3254 3328 3113 2949 3011 3109 3575 3128 2992 3190 3043 2962 3305 3361 3333 3349 3168 3130 3195 3184 3190 3432 3269 2923 3049 3420 3098 3178 3364 3165 3230 3130 3268 3197 2927 3020 3324 3079 3147 3247 3034 3241 3062 3173 2827 3240 3370 3243 3100 2988 3132 2950 3065 3215 
3064 2666 2970 2977 2878 3178 3009 2907 2930 3117 3120 2960 3085 2886 3033 3265 3258 3143 3102 3069 2860 2648 3075 3003 3054 2935 2841 2972 2981 2496 3106 2833 2798 2861 3161 3413 2967 2569 2732 2860 3147 2954 2937 2725 2480 2933 2958 3034 2821 3099 2882 2900 3271 2966 2820 2908 2640 2884 3045 3318 2932 3210 3046 3011 2974 2921 2944 2829 3060 2655 2935 3035 2853 2971 3042 3025 3099 3144 3252 2840 2733 2621 3008 2722 2938 3076 2792 3100 2871 2748 2692 2998 2964 2771 2906 2955 2841 2744 2738 2859 
3061 2819 3064 3082 2974 3181 3029 2988 2835 3176 3014 2918 3203 2964 3016 3188 3265 3189 2992 2943 3078 2658 3223 2993 3038 2956 2816 3279 3092 2550 3113 2842 2812 2880 3088 3402 3256 2762 2949 3059 3166 2963 3099 2724 2794 3025 3234 3131 2930 2766 3101 2870 3427 3114 3154 2932 2845 2951 3186 3312 2922 3096 3096 3062 2958 2949 2833 3117 2937 2619 3032 3260 2937 2970 3097 3008 3099 3048 3027 3024 2806 2769 3166 2806 3016 3094 2664 3123 3048 3144 2761 3026 3171 3090 2898 3055 2987 2824 2659 3069 
3125 2921 3014 3109 3002 3282 3110 3017 2952 3323 3182 3074 3273 3076 3097 3249 3131 3182 3144 3103 2937 2676 3272 3000 3210 2881 2866 3338 3105 2563 3340 2943 2794 2995 3205 3551 3094 2816 2966 2936 3117 3105 2917 2883 2805 3221 3252 3362 3000 2938 2936 2958 3430 3172 2969 3077 2787 3084 3170 3412 2988 3382 3207 3239 3109 3035 3034 3009 2989 2710 3131 3228 3052 3162 3082 3156 3282 3235 3291 3051 2881 2966 3041 2976 2997 3279 2852 3241 3124 2987 2742 3155 3088 3095 3053 3066 3122 3014 2707 3114 
3138 2737 2926 3168 2929 3380 3056 3014 3070 3093 3219 3046 3141 2992 3133 3339 3234 3068 3180 3173 3086 2723 3320 3076 3092 3128 2831 3345 3119 2667 3265 2865 2990 3039 3201 3433 3237 2842 2875 3103 3334 3078 2960 2813 2707 3108 3115 3043 3042 2917 2960 2854 3617 3190 3002 3060 2701 2982 3208 3293 2950 3185 3192 3279 3189 3052 2888 3131 3307 2706 3058 3140 3016 3159 3091 3079 3171 3173 3356 3003 2994 3071 2965 2916 3131 3138 2848 3245 2957 2928 2628 3092 3283 2973 2961 3062 2894 3041 2889 3115 
3127 2825 2975 3111 2824 3141 3180 2876 2995 3125 2911 3144 3072 3058 3202 3215 3071 3103 3153 2972 2963 2648 3108 2909 3235 2913 2817 3169 3038 2526 3185 2751 2842 2844 3118 3517 3188 2724 2823 2944 3153 3029 2980 2799 2625 2987 2969 3095 2789 2868 2949 2876 3304 3002 2907 2822 2652 2926 3198 3196 3056 3161 3129 3001 3104 2941 3021 2986 3152 2721 2937 3130 2767 2936 2990 3176 3075 3056 3109 3025 2656 2854 3063 2804 3043 3126 2787 3145 2883 2814 2589 3068 3069 2989 2949 3006 3051 2916 2702 2956 
2953 2565 2766 2713 2746 3086 2819 2779 2548 2888 2766 2794 3076 2780 2702 3051 2860 2826 2801 2841 2811 2518 2973 2675 2831 2777 2624 3006 2887 2351 2936 2545 2797 2720 2650 3259 2924 2726 2692 2626 2856 2759 2738 2672 2562 2766 2855 2814 2836 2689 2771 2491 3169 3006 2687 2633 2563 2539 2945 3070 2852 2806 2849 2941 2752 2855 2752 2634 2968 2451 2832 2828 2612 2715 2708 2797 2976 2927 2945 2697 2591 2722 2753 2728 2857 2809 2540 2883 2801 2762 2522 2978 2833 2817 2609 2832 2651 2718 2842 2781 
2936 2649 2906 2893 2716 2956 3031 2772 2621 2911 2799 2786 3191 2904 2842 3136 3019 2878 3138 2895 2803 2570 3093 2852 3009 2702 2747 3114 2986 2554 2902 2704 2696 2654 2954 3318 3052 2579 2685 2759 2867 2912 3040 2451 2596 2880 2912 2890 2781 2709 2844 2704 3164 2940 2801 2852 2551 2647 2911 3008 2701 2866 2943 2861 2981 2814 2797 3060 2976 2552 2747 2862 2875 2892 2980 2928 2846 2929 2960 2780 2694 2880 2776 2701 2947 2866 2709 3018 2803 2905 2474 2917 3039 2738 2702 3014 2824 2659 2557 2979 
2869 2515 2779 2856 2694 3119 2888 2893 2724 2957 2845 2736 2958 2784 2786 3110 2850 2932 2987 2903 2712 2579 3141 2650 2934 2860 2641 2825 2799 2420 2919 2505 2650 2684 2868 3194 2778 2674 2819 2658 2909 2732 2647 2665 2517 2712 3023 2803 2638 2800 2819 2604 3149 2881 2630 2519 2484 2616 2880 2969 2786 2847 2969 2814 2797 2761 2803 2737 2940 2447 2774 2775 2718 2822 2915 2850 2912 2943 2879 2595 2623 2652 2796 2612 2766 2941 2573 2837 2798 2741 2504 2984 2754 2763 2724 2839 2650 2732 2660 2809 
3176 2787 2894 3212 2982 3351 3050 2941 2967 3144 3074 3158 3211 2850 3100 3337 3259 3105 3093 3098 3114 2818 3218 2914 3121 3012 2785 3139 3119 2614 3211 2850 2804 3064 3234 3580 3149 2798 2872 2934 3193 3020 3019 2931 2715 3089 3315 3173 2908 2892 2853 2948 3360 3188 3043 2972 2823 3072 3156 3234 3045 3143 3147 3164 3062 3119 2907 3039 3092 2727 2879 3218 3026 3054 3259 3124 3093 3051 3305 2998 2855 3016 3065 2741 3013 3121 2919 3212 2890 2994 2770 3192 3251 3007 2870 3032 2891 2859 2826 3013 
3116 2858 2917 3184 3048 3440 3046 3099 3039 3431 3247 3069 3248 2967 3273 3535 3183 3245 3163 3210 3190 2784 3433 3097 3084 3206 2904 3365 3304 2818 3441 2895 2827 3124 3270 3652 3322 2884 3020 3061 3259 3195 3119 2855 2829 3156 3357 3200 3072 3096 3081 2992 3543 3205 3218 2996 2861 3065 3272 3249 3104 3394 3316 3278 3234 3216 3085 3301 3181 2821 2973 3435 3026 3154 3445 3234 3176 3155 3303 3244 2980 2965 3106 2883 3149 3356 2967 3272 2999 3047 2847 3194 3357 3072 3161 2948 2992 3169 2992 3128 
2998 2759 3022 3117 2941 3365 3103 3008 2867 3130 3013 2951 3269 2829 2954 3229 3229 2770 3130 3025 3086 2680 3275 2864 2979 2967 2891 3312 3148 2533 3045 2747 2971 2834 3292 3453 3118 2752 2684 3172 3294 3156 3068 2863 2565 3113 2931 3108 2928 2628 2861 2932 3449 3071 3003 2894 2709 2900 3281 3302 3023 3119 3019 3124 2957 3137 2916 3072 3107 2772 2835 2976 2966 3065 3174 2970 3050 3271 3149 2947 2816 2998 2865 2958 3110 3102 2837 3148 2946 2934 2658 3227 3272 2953 2912 2863 3001 2854 2815 2997 
3277 2956 3264 3016 3126 3511 3100 3174 3108 3383 3146 3189 3393 3074 3094 3591 3460 3468 3245 3138 3247 2749 3388 3139 3287 3110 3103 3448 3287 2640 3462 2986 3132 3042 3220 3495 3300 2911 3101 3178 3196 3313 3403 2868 2829 3169 3210 3285 3114 3041 3149 2974 3472 3292 3068 3034 2898 3047 3247 3431 3100 3264 3259 3223 3099 3043 3258 3309 3159 2838 3073 3427 3142 3135 3298 3224 3354 3283 3395 3127 2970 2917 3095 3036 3279 3507 2914 3337 3237 3191 2817 3250 3431 3170 3000 3188 3009 3041 2979 3050 
3170 2924 3067 3368 3050 3320 3247 3016 2952 3247 3058 3094 3252 3162 3252 3484 3338 3318 3266 3129 3219 2728 3312 3168 3256 3042 3047 3412 3283 2614 3285 2916 2885 2984 3292 3540 3244 2910 3056 3112 3307 3352 3253 2837 2754 3173 3290 3172 2939 3050 3086 2901 3463 3237 3197 3039 2894 3085 3444 3439 2975 3400 3394 3386 3186 3148 3190 3304 3094 2691 3042 3340 3010 3130 3485 3258 3341 3273 3279 3219 2938 3020 3039 2907 3200 3330 2868 3269 3154 3183 2801 3104 3248 3087 2946 3131 3101 3034 2916 3187 
2897 2692 2759 2840 2706 3041 2896 2801 2689 2801 2806 2832 2978 2750 3075 2914 2867 2963 2657 2822 2833 2440 3064 2807 2800 2756 2452 2949 3029 2428 3086 2591 2549 2572 2904 3054 3037 2692 2768 2843 2873 2889 2801 2675 2622 2808 3009 2915 2682 2818 2847 2580 3133 2822 2751 2757 2676 2682 2944 3048 2663 2964 3006 3071 2918 2897 2808 2824 2913 2512 2779 2917 2896 2839 2878 2873 2812 2934 2926 2904 2775 2771 2678 2726 2841 2941 2484 2954 2626 2808 2482 2872 2910 2840 2675 2837 2567 2748 2648 2851 
2831 2607 2834 2947 2665 3208 3084 2829 2726 3094 2917 2701 2990 2934 2880 3032 3147 2848 2931 2902 3062 2502 3062 2687 2886 2962 2638 3065 2911 2522 2953 2723 2762 2672 2963 3234 3121 2812 2694 2710 2961 2869 2907 2696 2580 2953 3106 3100 2960 2788 2738 2709 3143 2868 2833 2748 2651 2903 2999 3044 2733 3006 2930 3042 2813 3041 2725 2890 3012 2518 2911 2987 2890 2761 2852 2855 2992 3086 3059 2789 2418 2916 2808 2696 3011 3041 2709 2770 3007 2820 2487 2929 3124 2838 2811 2885 2784 2723 2590 2901 
3265 3026 3187 3131 3184 3485 3139 3036 2964 3511 3258 3170 3465 3117 3273 3545 3386 3393 3403 3191 3264 2829 3389 3079 3330 3109 3143 3369 3235 2752 3231 3028 2966 3085 3305 3715 3253 3066 3085 3025 3203 3169 3049 2953 2859 3264 3279 3288 3170 3219 3152 3199 3586 3349 3292 3000 3020 3064 3254 3427 3219 3352 3150 3294 3201 3129 3274 3326 3094 2910 3179 3375 3110 3068 3288 3265 3350 3308 3484 3242 3009 2965 3330 3030 3110 3530 2825 3219 3273 3080 3048 3340 3278 3164 3086 3204 3024 3032 2996 3232 
3131 2847 3090 3225 2859 3534 3060 2941 3134 3222 3019 2906 3176 3143 3263 3329 3198 3172 3228 3105 3164 2793 3424 3004 3109 3044 2994 3279 3308 2764 3397 2953 2867 3086 3262 3612 3235 3047 3120 3047 3281 3218 3067 2795 2689 3118 3303 3019 3037 3071 2989 2904 3455 3217 3127 2965 2836 2912 3218 3249 2971 3236 3201 3227 3167 3042 3099 3098 3103 2804 3058 3127 3036 3021 3299 3141 3285 3093 3248 3002 2888 2935 3168 2804 3168 3305 2860 3036 3089 3109 2817 3176 3206 3162 2946 3142 2959 2986 2852 3193 
3162 2949 3124 3185 2943 3546 3207 3103 3002 3251 3213 3258 3329 3033 3378 3431 3236 3376 3190 3221 3347 2754 3442 3179 3135 3110 2925 3392 3150 2800 3289 3073 2942 3078 3251 3579 3493 3067 3124 3069 3206 3181 3260 2948 2801 3238 3315 3209 3051 3109 3161 3058 3528 3199 3139 3028 3012 3046 3258 3331 3074 3363 3244 3275 3263 3076 3181 3216 3191 2801 3113 3368 3060 2932 3275 3257 3213 3258 3286 3350 3005 2929 3216 2950 3158 3209 2892 3186 3195 3098 2707 3166 3386 3280 3125 3359 3047 2987 3105 3089 
2936 2907 3153 3154 2864 3328 3033 3049 2977 3121 3062 3105 3159 3071 3267 3387 3095 3101 3113 3010 3063 2741 3323 2856 3101 3106 2763 3269 3169 2627 3121 2766 2942 2844 3354 3476 3353 2904 2943 3046 3230 3182 3099 2899 2812 3121 3147 3064 2827 2880 3053 2927 3532 3093 3120 3008 2767 2979 3269 3309 2958 3138 3222 3135 3118 3135 2920 3155 2998 2693 3005 3208 3072 3009 3275 3058 3206 3217 3144 3029 2731 2932 3048 2863 3135 3083 2751 3280 3029 3210 2643 3226 3307 3095 3047 3209 3017 3112 2799 3120 
2842 2537 2956 2938 2532 2951 2906 2858 2746 2965 2733 2803 2899 2737 2815 3055 2927 2819 2852 2935 2815 2418 2984 2698 2906 2836 2584 2953 2897 2472 2923 2546 2715 2643 2858 3179 2939 2659 2519 2658 2977 2920 2804 2527 2509 2864 2883 2891 2602 2748 2637 2717 3069 2899 2561 2758 2529 2628 2922 2947 2956 3092 2888 2837 2912 2711 2682 2786 2891 2423 2755 2804 2763 2593 2935 2726 2944 2896 2904 2684 2565 2670 2772 2750 2754 2942 2668 2950 2744 2752 2497 2880 2887 2556 2781 2756 2770 2672 2541 2698 
3113 2859 3124 3284 3126 3405 3359 3091 3120 3266 3234 3127 3526 3226 3282 3485 3386 3301 3321 3287 3224 2845 3461 3209 3266 3065 3013 3173 3421 2786 3380 2958 3023 3204 3325 3735 3344 3082 3035 3146 3323 3273 3115 2841 2888 3359 3367 3287 3115 3110 3249 3012 3605 3357 3123 3096 2954 2969 3371 3550 3006 3447 3281 3354 3398 3191 3089 3304 3312 2988 3202 3253 2998 3199 3340 3313 3211 3348 3301 3008 3035 2871 3207 2952 3334 3202 2873 3295 3386 3012 2718 3183 3200 3205 3072 3408 3241 3081 2900 3269 
3077 2735 3095 3065 2859 3391 3093 3025 2886 3142 2946 3082 3221 2874 3138 3341 3096 3120 3017 3136 2894 2573 3307 2815 2997 2841 2770 3287 3097 2471 3253 2853 2861 3129 3135 3456 3034 2706 3030 2963 3265 3137 3022 2870 2563 3097 3192 3018 2892 2890 2918 2817 3317 3076 2992 2831 2634 2919 3285 3147 3064 3108 3182 3082 3086 3077 3008 2995 3035 2767 2888 3112 2962 2855 3238 3112 3089 3122 3145 2923 2696 2832 3058 2894 2997 3170 2797 3069 2982 2901 2695 3145 3241 2985 3000 2677 2945 3011 2786 3034 
3013 2677 3001 2983 2731 3219 2998 3068 2760 3290 2929 2957 3114 3007 2936 3197 3180 3051 2984 3048 2972 2816 3154 2803 3002 2933 2728 3093 2958 2569 3169 2720 2969 2824 2960 3464 3161 2811 2804 2899 3002 3090 3172 2810 2743 2992 3157 3122 2999 2853 2862 2869 3227 3020 2872 2853 2701 2898 3013 3263 3017 3167 3024 3155 2925 3057 2778 2868 3142 2521 3010 3190 2980 2881 2958 2950 3216 3174 3186 2856 2600 2770 2992 2860 3119 3035 2735 3083 3046 3032 2730 3089 3113 2964 3055 3047 2927 2908 2692 2971 
2690 2346 2615 2467 2506 2773 2656 2544 2446 2706 2594 2459 2784 2553 2678 2791 2673 2659 2597 2616 2337 2317 2863 2612 2764 2468 2331 2857 2673 2275 2703 2470 2535 2539 2577 3084 2671 2409 2375 2550 2866 2623 2671 2495 2392 2700 2664 2592 2729 2456 2664 2455 2953 2687 2540 2425 2370 2468 2939 2820 2589 2739 2519 2723 2706 2572 2663 2690 2578 2313 2671 2633 2615 2600 2645 2629 2758 2696 2760 2481 2417 2423 2527 2332 2638 2653 2315 2609 2628 2507 2330 2689 2670 2595 2599 2511 2546 2651 2506 2670 
3139 2773 3140 3272 2921 3407 3138 3044 2910 3359 3067 2901 3232 2999 3165 3336 3340 3203 3197 2998 3073 2749 3244 2999 3188 2896 2882 3232 3106 2657 3197 2971 2843 2971 3226 3610 3154 2700 2849 2977 3190 3058 3124 2893 2612 2992 3224 3068 2942 3062 2979 2925 3489 3219 3173 2971 2957 2963 3213 3292 2954 3258 3091 3139 2925 3017 3012 3101 3077 2667 2981 3188 3154 3029 3108 3004 3242 3181 3398 2801 2677 2968 2942 2812 3085 3248 2930 3230 3128 2967 2682 3124 3306 3044 3052 3265 2952 2851 2717 3054 
3067 2724 2845 2985 2642 3076 2990 2798 2813 3022 2872 2751 3101 2773 2983 3255 3203 2950 2997 3071 2874 2575 3108 2821 3009 2734 2684 3056 3003 2725 2999 2731 2640 2876 3091 3333 3047 2745 2847 2840 2880 2908 2835 2609 2702 2937 3023 2946 2636 2833 2912 2873 3248 2991 2963 2867 2598 2744 3029 3158 2748 2982 2985 2970 2930 2978 2976 3106 2933 2653 2754 3005 2800 3122 2970 2939 3008 2972 3048 2831 2761 2859 2874 2622 2918 3089 2745 2930 2840 2934 2531 3031 3098 2810 2823 2818 2868 2697 2690 2871 
2879 2609 2658 2664 2805 2969 2882 2742 2524 2888 2771 2652 2909 2703 2700 2899 2890 2736 2868 2618 2852 2522 2981 2537 2848 2789 2686 2994 2733 2371 2762 2492 2699 2497 2724 3232 2846 2659 2710 2500 2751 2644 2666 2749 2553 2845 2837 2848 2753 2575 2530 2571 3156 2827 2709 2647 2500 2535 2901 2867 2749 2862 2710 2817 2724 2712 2563 2793 2932 2440 2826 2915 2675 2673 2869 2783 2894 2747 2885 2611 2462 2649 2735 2577 2767 2813 2427 2797 2795 2647 2539 2870 2819 2707 2628 2738 2712 2698 2491 2702 
3294 3066 3386 3148 3150 3750 3307 3318 3153 3459 3229 3219 3381 3298 3474 3460 3380 3316 3226 3249 3281 2938 3462 3260 3338 3209 2985 3478 3300 2891 3566 3060 3147 3139 3435 3581 3477 3006 3024 3209 3505 3288 3444 3146 2902 3271 3293 3314 3055 3184 3218 3053 3590 3355 3023 3284 2914 3201 3524 3538 3247 3352 3234 3363 3313 3256 3186 3220 3330 3049 3212 3328 3133 3203 3368 3236 3489 3337 3479 3360 2879 3084 3286 3140 3456 3419 2995 3290 3187 3176 2846 3358 3477 3322 3201 3328 3163 3071 2998 3145 
3087 2943 3173 3129 2849 3385 3112 2986 3025 3190 2969 2991 3246 3082 2941 3210 3381 2971 3231 3228 3008 2855 3268 2983 3024 2941 2873 3231 3156 2674 3188 2716 2911 2954 3292 3619 3295 2889 2984 2982 3177 3204 3018 2925 2747 2977 3253 3150 2943 3115 2976 2896 3302 3013 2998 2886 2801 2945 3124 3319 3099 3154 3183 3132 3179 3074 2984 2944 3155 2816 2968 3273 2873 3016 3174 3148 3106 3157 3102 2946 2870 2867 3058 2907 3229 3092 2962 2952 3033 2990 2886 3181 3039 3017 2864 3110 2909 2921 2786 3113 
3088 2909 3215 3153 2975 3417 3152 3116 3032 3310 3098 3239 3378 3029 3230 3391 3325 3182 3153 3080 3041 2795 3326 2898 3180 3118 2807 3258 3227 2702 3152 2859 3019 3112 3331 3659 3169 2799 2908 3131 3192 3119 3132 2969 2742 3039 3226 3150 2976 3000 2992 3060 3416 3056 3113 2904 2826 2970 3261 3322 3090 3275 3137 3073 3119 3078 2993 3058 3127 2756 3037 3238 3082 3140 3231 3210 3149 3107 3371 2965 2950 3132 3011 2981 3133 3108 2837 3189 3107 2920 2789 3320 3300 3154 3087 3210 2885 3116 2836 3145 
3304 2917 3248 3258 3062 3443 3519 3254 3155 3319 3384 3479 3474 3233 3249 3783 3552 3392 3671 3365 3310 2775 3503 3085 3400 3189 3248 3583 3178 2792 3411 3189 3291 3234 3478 3732 3454 3111 3208 3283 3324 3310 3339 3156 2898 3223 3404 3490 3225 3137 3151 3105 3651 3303 3307 3013 2990 3092 3535 3441 3180 3489 3501 3311 3385 3299 3254 3287 3371 2834 3371 3266 3179 3150 3515 3505 3253 3447 3549 3255 2974 3204 3289 2970 3408 3398 3046 3295 3385 3220 2924 3462 3468 3152 3189 3311 3331 3277 3047 3353 
3059 2724 3111 3059 2930 3441 3198 2978 2950 3065 3075 2911 3191 2968 3114 3305 3122 3044 3203 3212 3057 2771 3268 2996 3200 2977 2619 3338 3067 2635 3121 2951 3036 2894 3001 3646 3255 2911 2786 2850 3049 3084 3069 2861 2866 3170 3124 2991 3033 2989 2840 2957 3469 3185 2979 2915 2694 2939 3276 3217 2898 3198 2988 3285 3296 3037 2986 3126 3254 2499 3111 3133 3105 2960 2996 3048 3054 3172 3226 2963 2810 3052 3089 2808 3122 2983 2809 3136 2902 3007 2576 3188 3140 2989 2957 3127 2904 3084 2838 3216 
3179 3030 3253 3318 3323 3778 3376 3226 3322 3514 3371 3292 3587 3240 3357 3596 3668 3599 3448 3393 3290 3040 3607 3376 3409 3352 3018 3481 3302 2927 3541 3180 3200 3259 3443 3900 3502 3219 3142 3246 3445 3345 3343 3072 3039 3450 3524 3380 3409 3320 3425 3195 3874 3650 3272 3269 2974 3240 3400 3668 3233 3493 3462 3661 3409 3428 3318 3430 3411 3032 3378 3492 3375 3386 3347 3422 3374 3501 3588 3276 3078 3315 3274 2992 3341 3358 3146 3522 3430 3382 2913 3494 3465 3186 3331 3496 3178 3411 3042 3366 
3325 3064 3364 3267 3075 3449 3264 3171 2959 3331 3213 3288 3492 3239 3468 3449 3280 3416 3257 3421 3268 2843 3523 3216 3344 3089 3069 3422 3384 2823 3485 3119 3070 3110 3367 3585 3479 3119 2990 3172 3418 3345 3382 2978 3003 3482 3292 3435 3047 3218 3054 3047 3739 3288 3225 3242 2961 3169 3387 3585 3190 3479 3270 3350 3271 3209 3222 3258 3306 2982 3239 3239 3329 3137 3265 3220 3302 3312 3423 3267 3041 3068 3304 3240 3296 3212 3060 3504 3108 3093 2754 3348 3517 3134 3193 3382 3173 3138 2970 3170 
2786 2600 2776 2750 2882 3137 2763 2616 2624 2874 2838 2915 2793 2693 2759 3101 3052 2959 2915 2613 2860 2427 3045 2773 2800 2788 2649 3018 2778 2311 2894 2613 2651 2790 2901 3234 2857 2423 2705 2626 3047 2743 2695 2658 2447 2752 3018 2947 2734 2772 2671 2553 3233 2911 2747 2631 2565 2693 2956 3008 2739 2987 2837 2978 2915 2794 2617 2745 2617 2394 2706 3012 2636 2659 2954 2934 2843 2823 2953 2904 2486 2718 2885 2544 2891 2845 2563 2925 2945 2784 2553 2804 3007 2727 2688 2745 2752 2617 2677 2750 
2936 2846 2959 3006 2854 3171 3148 2911 2881 3182 3011 2704 3240 2910 3027 3261 3166 3013 3126 3070 2958 2655 3106 2854 3159 2940 2925 3201 3000 2596 3131 2848 2776 2890 3017 3459 2964 2819 2704 2881 2985 2859 2885 2710 2725 2915 2919 3111 2756 2803 2985 2788 3213 3204 2915 2833 2666 2798 3192 3250 2869 3065 3063 2896 2944 2960 2970 3115 3025 2583 3013 3038 2848 2942 2966 3057 2982 3187 3038 2853 2800 2797 2959 2775 3006 3199 2693 3167 2972 2875 2646 3173 3023 2857 2825 3019 2882 2936 2695 3001 
2864 2701 2920 3056 2712 3094 2846 2627 2703 3033 2823 2899 3088 2630 2854 3040 3108 2927 2974 3015 2882 2583 2909 2638 2844 2780 2660 3032 3015 2527 2972 2739 2682 2688 2975 3351 3037 2846 2707 2758 2848 2879 2964 2426 2491 2888 3085 2909 2784 2843 2909 2748 3225 2766 2755 2853 2688 2815 2978 3028 2673 2909 2919 2832 2836 2812 2888 2923 2912 2540 2728 2923 2826 2704 2942 2922 2979 2960 3138 2775 2576 2940 2848 2622 2913 3079 2729 2890 2796 2754 2590 2849 3170 2805 2844 2736 2591 2577 2636 2813 
3128 2749 3002 3092 2919 3360 3149 2890 2868 3099 3012 3031 3199 2797 3044 3320 3255 3113 3229 3109 2938 2808 3041 2767 3157 2921 2909 3326 3027 2690 3154 2908 2983 3026 3179 3554 3020 2921 2807 2919 3064 2992 3035 2822 2637 2957 3061 2972 2883 2732 2852 2848 3567 3082 2963 2804 2734 2898 3279 3233 2907 3120 2947 2974 2983 2980 3120 3042 3090 2570 2983 3100 2950 2946 3132 3124 3068 3153 3211 2898 2871 2956 3123 2663 3152 3045 2746 3278 3012 3034 2682 3220 3180 3051 2979 3019 2826 2932 2917 3085 
3192 2907 3116 3259 3089 3516 3226 3157 3007 3430 3099 3134 3340 3057 3226 3380 3291 3291 3113 3179 3205 2768 3431 3240 3158 3206 2957 3355 3320 2818 3428 2931 2932 3002 3118 3676 3149 3063 3105 3198 3264 3174 3374 2872 2855 3081 3482 3182 3239 3154 3264 3167 3458 3253 3066 3077 2986 2939 3338 3396 3059 3343 3272 3234 3129 3273 3331 3244 3173 2863 3087 3345 3135 3203 3348 3202 3264 3392 3238 3227 3039 2916 3154 2986 3074 3327 3029 3294 3191 3040 2938 3283 3281 3113 3091 3086 3080 3072 2931 3113 
2821 2563 2816 2786 2729 3051 2738 2605 2754 2831 2956 2793 2853 2608 2789 3008 2923 2735 2899 2772 2578 2328 2915 2606 2872 2779 2530 2962 2852 2361 2781 2504 2743 2673 2959 3084 2776 2612 2559 2717 2742 2839 2667 2573 2515 2926 2920 2874 2710 2715 2613 2842 3158 2767 2636 2695 2568 2676 2918 3066 2633 3043 2774 2866 2794 2639 2670 2734 2789 2350 2807 2883 2906 2799 2821 2767 2908 2966 2980 2638 2640 2822 2688 2531 2795 2838 2689 2852 2568 2678 2558 2852 2941 2728 2590 2855 2622 2685 2543 2819 
2673 2485 2713 2713 2591 3124 2793 2661 2698 2820 2702 2679 2845 2672 2789 2940 3005 2620 2736 2830 2714 2339 2997 2696 2722 2799 2549 2933 2649 2362 2818 2510 2693 2777 2728 3245 2853 2585 2511 2664 2874 2741 2913 2541 2262 2597 2689 2740 2722 2569 2776 2559 2973 2909 2711 2436 2457 2656 2963 3001 2664 2848 2799 2959 2617 2766 2734 2702 2860 2342 2601 2961 2613 2617 2629 2661 2868 2950 2858 2707 2468 2620 2773 2616 2836 2717 2511 2926 2759 2539 2503 2855 2876 2639 2670 2684 2712 2726 2438 2596 
3323 2976 3209 3386 2991 3580 3379 3169 3224 3266 3305 3146 3361 3153 3264 3514 3329 3249 3250 3371 3151 2817 3548 3044 3313 3149 3100 3387 3297 2769 3294 2993 3129 3082 3201 3815 3359 3045 2911 3043 3478 3295 3202 2901 2777 3275 3366 3310 3182 3039 3075 3138 3617 3348 3002 2984 2902 2983 3345 3332 3184 3535 3383 3308 3256 3130 3354 3224 3350 2808 3318 3234 3264 3007 3302 3248 3367 3372 3296 3154 3081 3038 3243 2970 3209 3360 2889 3348 3220 3094 2902 3347 3429 2934 3183 3077 3218 3175 2923 3115 
3104 2830 3006 3027 2975 3234 3113 2897 2828 3107 3001 3066 3140 2983 3023 3287 3200 3053 3118 2993 3015 2489 3036 2697 3022 2850 2944 3214 3156 2611 3019 2811 2875 2924 3027 3407 3127 2865 2791 2952 3066 2946 3007 2800 2763 3005 3128 3158 2860 2875 2883 2898 3249 2973 3060 2866 2777 2841 3228 3240 2911 3230 3079 3011 2921 3022 2891 3021 3005 2522 3110 3137 2987 2861 3118 3082 3138 3206 3184 3075 2718 3070 2971 2854 3101 3252 2796 2968 3028 2911 2833 3116 3194 3104 2741 2966 2871 2847 2805 3012 
3101 2820 2955 3073 2908 3287 3118 2792 2970 3244 3148 2925 3166 3110 3147 3452 3089 3140 3353 2972 3002 2646 3227 3051 3119 2983 2871 3139 3030 2662 3151 2874 2850 2950 3181 3473 3109 2746 2858 2758 3154 3030 2935 2713 2598 3027 3252 3136 2939 3075 2904 2912 3453 3265 3007 2938 2796 2905 3226 3186 2940 3192 3217 3098 3190 3112 3021 3095 3077 2792 3143 3083 2986 3158 3021 3041 3253 3135 3225 2857 2804 2985 2960 2774 3044 3194 2842 3147 3049 3060 2666 3130 3092 3040 2932 2968 2930 2819 2711 2950 
3233 2942 3165 3309 3000 3341 3338 3012 3003 3210 3221 3211 3321 3081 3294 3551 3331 3325 3259 3380 3064 2851 3274 2976 3317 3122 2937 3294 3206 2710 3380 2915 3056 3039 3387 3719 3148 2951 2962 3057 3336 3032 3072 2916 2768 3141 3293 3293 2944 3110 3195 3100 3536 3263 3127 3118 2922 3078 3369 3382 2933 3287 3408 3184 3179 3274 3086 3254 3241 2828 3156 3218 3095 3256 3327 3228 3397 3323 3470 3041 2834 2981 3088 2861 3275 3284 2890 3341 3123 3183 2752 3265 3337 3039 2964 3141 3155 3063 2841 3082 
2862 2511 2787 2817 2596 3048 2884 2746 2735 2979 2877 2602 3048 2728 2748 3082 2931 2933 2896 2762 2918 2432 3095 2664 2707 2819 2612 3003 2892 2443 2881 2622 2642 2744 2937 3063 2983 2658 2691 2637 2964 2905 2682 2549 2374 2811 2911 2784 2682 2685 2665 2549 3221 2960 2719 2629 2624 2648 3040 3066 2771 3022 2825 2888 2819 2890 2821 2744 2959 2602 2839 2879 2681 2587 2885 2850 2898 2925 2868 2641 2618 2568 2712 2611 2783 3083 2607 2805 2874 2812 2352 2890 3061 2880 2621 2796 2579 2561 2637 2797 
3258 2906 3152 3137 3116 3389 3307 3046 2870 3175 3015 3119 3319 3105 3206 3340 3426 3354 3099 3068 3077 2734 3425 3074 3269 2978 2937 3330 3179 2670 3386 3011 2924 3016 3184 3608 3169 3090 3042 3087 3352 3256 3159 3062 2774 3195 3226 3170 2907 3006 3135 2925 3535 3253 3143 2850 2962 3033 3258 3292 3050 3328 3180 3363 3270 3041 3071 3218 3183 2620 3087 3141 3146 3056 3397 3253 3230 3053 3274 3113 3030 2860 3069 2860 3254 3222 2829 3278 3048 3130 2782 3172 3231 3128 2865 3272 3106 3017 2885 3194 
3102 2652 2873 2929 2840 3344 3045 2758 2908 3057 3131 2835 3119 2917 2977 3300 3320 3162 3060 3026 2969 2575 3210 2781 3016 2912 2772 3106 2928 2735 3039 2882 2796 2873 3070 3354 3257 2892 2885 2939 3123 2844 2970 2776 2620 2931 2964 2927 2770 2869 2993 2825 3175 3036 2930 2773 2706 2949 3027 3058 2927 3104 2990 3141 3089 3150 2950 3056 3010 2505 3049 3018 2925 3025 3110 3186 3090 3125 3193 2972 2851 2769 3022 2697 3097 3156 2720 2962 2964 2892 2644 3117 3041 2974 2944 2909 2948 2876 2865 3064 
3203 2816 3145 3062 3054 3262 3157 3136 3015 3337 3045 3040 3372 3030 3151 3371 3164 3133 3242 3019 2967 2694 3253 3009 3170 2964 2905 3293 3107 2709 3183 2814 2897 2931 3194 3573 3242 2701 2873 3115 3334 3113 2982 2832 2765 3115 3180 3149 2977 2903 3005 3026 3416 3151 3028 3000 2739 2879 3249 3315 3224 3251 3033 3069 3053 3033 3103 3146 3093 2837 3139 3176 3034 3041 3258 3155 3113 3096 3210 2906 2760 3023 3115 2890 3190 3179 2780 3020 3026 3029 2692 3223 3178 2914 3044 3056 3035 3089 2703 3177 
3234 2922 3005 3193 2964 3357 3174 3038 2938 3263 3221 3203 3270 3068 3359 3441 3339 3168 3278 3129 3311 2848 3337 3121 3174 3066 3024 3167 3181 2766 3430 2862 2988 3102 3355 3442 3248 3105 3057 2962 3257 3064 3070 2982 2726 3120 3277 3265 2986 3131 3158 3099 3575 3110 3177 3116 2877 3047 3260 3240 3129 3321 3238 3226 3243 3173 3044 3254 3190 2894 3163 3135 2931 2942 3325 3175 3245 3266 3351 3150 2935 2880 3047 2880 3160 3264 2935 3302 3255 3056 2723 3226 3243 3105 2984 3280 3141 3023 2891 3079 
3344 3038 3334 3332 3306 3759 3465 3097 3230 3495 3285 3257 3444 3339 3498 3718 3515 3346 3760 3268 3429 2963 3679 3171 3406 3370 3127 3513 3389 2982 3644 3204 3157 3280 3275 3868 3535 3127 3122 3125 3488 3452 3291 3073 2889 3240 3449 3260 3180 3279 3440 3064 3666 3598 3233 3184 2759 3272 3415 3527 3193 3424 3471 3508 3577 3353 3246 3465 3432 2999 3232 3448 3120 3311 3347 3429 3498 3379 3658 3295 3003 3324 3447 3234 3625 3579 3033 3413 3298 3268 3040 3540 3505 3349 3318 3198 3331 3154 3064 3354 
2755 2433 2531 2556 2607 2920 2733 2580 2501 2761 2599 2630 2891 2626 2767 2921 2841 2858 2799 2805 2851 2342 2888 2650 2786 2581 2488 2977 2595 2333 2767 2571 2534 2688 2688 2889 2818 2533 2684 2566 2855 2776 2761 2671 2416 2668 2844 2570 2523 2464 2814 2599 2962 2724 2721 2446 2333 2542 2905 2924 2734 2834 2602 2698 2687 2584 2878 2806 2785 2467 2634 2871 2338 2602 2834 2778 2723 2762 2785 2823 2461 2518 2708 2553 2716 2692 2499 2669 2684 2501 2317 2826 2864 2811 2671 2741 2596 2545 2589 2748 
3046 2853 3105 3129 2882 3435 3079 2989 2886 3188 3065 3010 3154 3074 3105 3352 3286 3035 3194 2970 3032 2818 3182 2873 3080 2937 2831 3189 3203 2641 3094 2807 2908 2895 3174 3441 3257 2851 2709 2959 3234 3226 3180 2771 2741 3163 3357 3160 2950 3030 3051 2930 3404 3129 2974 2999 2715 2906 3228 3282 2925 3318 3027 3084 3132 3126 2939 3041 3143 2785 3055 3182 3141 2962 3180 3067 3167 3096 3151 3000 2840 2967 3050 2906 3126 3048 2943 3188 2921 3005 2733 3145 3289 3150 3046 3022 2772 2915 2815 2978 
3129 2706 2965 2990 2905 3193 3144 2918 2717 3155 2859 2867 3151 2977 3051 3141 3207 2936 3131 2971 2958 2736 3159 2947 3031 2902 2777 3232 3014 2607 3142 2873 2851 2787 3064 3354 3129 2739 2821 2854 3066 2909 3007 2875 2742 3122 3066 2961 3009 2950 2782 2888 3375 3038 2975 2937 2672 2807 3105 3183 3108 3127 2954 3104 3070 2890 2810 3035 3098 2780 2994 3147 3023 2774 2932 2935 3066 2946 3355 2811 2736 2911 2908 2912 3036 3058 2784 3071 3019 2968 2643 3062 3086 3063 2894 3054 2774 2814 2742 3111 
2932 2511 2916 2891 2630 3122 2980 2859 2862 3051 3045 2913 3024 2795 2926 3315 3016 2814 2936 2925 2767 2397 2948 2707 2954 2827 2537 3099 2795 2467 2798 2666 2746 2801 3031 3328 3063 2554 2743 2738 3009 2836 2719 2607 2310 2747 2832 2809 2676 2861 2651 2778 3228 2947 2807 2696 2667 2803 3097 2869 2929 2816 3046 2950 2976 2906 2812 2743 2968 2474 2807 2956 2800 2886 2907 2846 3142 2958 3126 2663 2651 2744 2854 2683 2856 2989 2678 2924 2927 2773 2502 2933 3022 2656 2770 2745 2843 2778 2649 2691 
2899 2768 3016 3046 2762 3368 2935 2992 2748 3124 2889 2904 3040 2905 3095 3006 3065 3075 2870 2866 3034 2639 3177 2971 2882 3055 2748 3235 3011 2578 3121 2659 2725 2828 3016 3369 3308 2818 2844 2906 3045 3074 3033 2782 2588 2829 3086 2909 2758 2823 3015 2693 3408 3043 2978 2830 2711 2841 2958 3217 2958 3119 2985 3077 2805 3009 2927 2918 3005 2624 2876 3133 2857 2864 2959 3007 2973 3033 2917 3136 2723 2863 2995 2814 3049 2992 2732 3042 2951 2932 2671 3030 3201 2828 2992 2955 2760 2925 2815 2878 
3245 2839 3307 3266 3035 3625 3346 3240 3139 3401 3303 3212 3445 3172 3254 3580 3443 3328 3241 3392 3207 2856 3466 3288 3331 3209 2884 3487 3190 2888 3426 3192 3202 3228 3368 3759 3425 3015 3003 3191 3422 3258 3232 2968 2898 3160 3396 3225 3298 3100 3225 3193 3703 3445 3209 3022 2906 3210 3536 3408 3272 3365 3396 3490 3372 3317 3092 3363 3420 2959 3168 3206 3256 3327 3231 3300 3390 3337 3432 3146 3089 3185 3164 2979 3302 3211 3060 3438 3160 3223 2920 3459 3447 3124 3282 3175 3097 3159 2883 3085 
2684 2462 2629 2757 2755 3119 2857 2594 2608 2792 2743 2735 2861 2527 2903 3132 2801 2672 2899 2795 2715 2486 2896 2586 2650 2741 2622 2889 2672 2260 2786 2496 2585 2574 2797 3179 2877 2566 2524 2622 2754 2715 2628 2617 2438 2708 2666 2784 2524 2471 2526 2622 2931 2829 2670 2563 2470 2586 2724 2839 2597 2773 2873 2879 2679 2903 2644 2788 2772 2355 2614 2878 2679 2782 2915 2797 2699 2870 2954 2784 2467 2772 2681 2563 2829 2787 2517 2691 2558 2690 2401 2846 2892 2610 2429 2644 2757 2756 2616 2692 
3274 2957 3176 3089 3211 3521 3339 3252 2997 3224 3289 3006 3436 3147 3179 3441 3338 3178 3234 3189 3239 2955 3404 3126 3288 3091 3077 3388 3220 2832 3349 3040 3012 2991 3280 3590 3373 2945 2932 3066 3423 3124 3308 3102 3032 3309 3235 3419 3050 3155 2994 3088 3634 3350 3021 3170 2880 3015 3461 3431 3180 3384 3180 3323 3234 3192 3075 3293 3314 2864 3264 3225 3199 3108 3285 3217 3287 3282 3361 3142 2909 3094 3138 3036 3380 3190 3054 3368 3069 3121 2818 3338 3421 3182 3122 3265 3143 2936 2956 3146 
3298 3013 3530 3455 3158 3699 3450 3391 3115 3554 3271 3275 3431 3523 3413 3559 3440 3544 3285 3356 3478 2980 3518 3281 3490 3340 3128 3434 3379 2887 3691 3163 3296 3169 3328 3833 3403 3265 3184 3236 3442 3392 3485 3130 3006 3371 3590 3485 3363 3303 3214 3221 3690 3455 3314 3213 3009 3277 3552 3609 3284 3631 3512 3530 3420 3293 3216 3377 3347 2823 3398 3424 3363 3142 3388 3366 3530 3387 3548 3278 3014 3124 3382 3169 3414 3445 3177 3497 3426 3286 2943 3440 3460 3466 3233 3556 3261 3165 2922 3361 
3072 2939 3129 3251 3021 3548 3241 2993 3005 3321 3204 3176 3394 3161 3223 3326 3472 3278 3304 3271 3125 2796 3393 3019 3047 3050 2912 3292 3211 2638 3236 3122 3085 3140 3173 3560 3208 2856 3038 3177 3147 3081 3144 3056 2859 3245 3327 3091 3131 3162 3289 3107 3425 3183 3247 3113 2769 3047 3338 3399 3126 3350 3206 3338 3214 3200 2983 3079 3254 2900 3178 3209 3196 3143 3223 3236 3173 3207 3473 3048 2878 3152 3074 3085 3193 3096 2961 3202 3241 2999 2838 3254 3238 3181 3169 3302 3062 3015 2898 3250 
2913 2664 2889 3037 2784 3164 3030 2859 2814 3090 2960 2813 3086 2960 2787 3400 3140 2928 3040 3106 2879 2629 2958 2874 2968 2981 2812 3117 3005 2612 3015 2747 2882 2760 3050 3439 3170 2794 2851 2769 3114 2969 2804 2532 2730 2941 3061 3116 2937 2833 2825 2830 3429 3007 2962 2820 2737 2735 3070 3114 2972 3118 3034 2972 3020 3067 2735 3033 3001 2614 2921 2940 2890 2798 2937 2985 2936 3079 2949 2732 2633 2941 2965 2635 3013 2991 2824 3041 2959 3037 2574 2940 3083 2885 2801 2994 2902 2797 2681 3037 
3089 2913 3179 3162 2955 3230 3113 2987 2909 3204 2953 3042 3190 3154 3167 3379 3081 3184 3188 3079 3174 2570 3365 2771 3215 3153 3035 3177 3237 2768 3003 2867 2883 2819 3261 3567 3143 2987 2906 3058 3139 3134 3106 2893 2820 3149 3187 3187 3018 3001 3032 3094 3390 3211 3278 2887 2837 2864 3318 3432 3044 3298 3238 3097 2984 3134 3055 3079 2906 2631 3193 3134 3088 2871 3139 3026 3283 3309 3202 3003 2771 3008 3128 2929 3118 3169 2862 3250 3173 3111 2826 3239 3183 3025 3036 3151 3110 2937 2872 3054 
3280 2965 3441 3331 3202 3653 3385 3259 3037 3563 3235 3235 3558 3246 3374 3528 3560 3385 3371 3220 3300 2898 3599 3206 3396 3245 2978 3467 3381 2772 3404 3105 3089 3098 3353 3652 3378 3163 3097 3189 3341 3441 3469 3073 2914 3234 3385 3258 3186 3222 3302 3149 3632 3306 3197 3094 2853 3123 3411 3630 3184 3433 3306 3450 3265 3348 3408 3232 3326 2914 3181 3338 3361 3150 3511 3195 3386 3416 3473 3160 3024 3203 3293 3227 3233 3439 3062 3179 3304 3083 2936 3489 3480 3253 3231 3293 3194 3216 3040 3431 
3207 2846 3171 3138 2988 3325 3153 3020 3027 3134 3078 2895 3183 2971 3149 3357 3295 3095 3161 3195 3106 2787 3273 2978 3147 2970 2952 3404 3269 2647 3135 2963 3120 2882 3215 3385 3375 2906 2862 3059 3203 3167 3160 3077 2946 3232 3173 3178 2999 2916 2983 3059 3385 3215 3200 3115 2773 3052 3262 3476 3178 3260 3226 3260 3083 3240 3023 3240 3185 2809 3105 3375 3104 3224 3071 3157 3311 3338 3330 3133 2876 2953 3124 3147 3313 3163 2921 3137 3006 3242 2821 3178 3340 3009 2929 3110 3141 3101 2907 3288 
3131 2917 3170 3100 2827 3205 3149 3007 2998 3150 2977 3170 3218 3013 3239 3286 3276 3193 3161 3077 3042 2584 3281 2966 3059 2907 2793 3221 3123 2687 3204 2873 2908 3014 3337 3431 3187 2921 3049 3108 3235 3158 2959 2821 2652 3161 3111 3018 2729 2962 3025 2905 3534 3100 3194 3060 2685 3024 3231 3335 2979 3277 3027 3184 3195 2967 2851 3058 3208 2750 2978 3114 2965 2927 3199 3167 3050 3139 3186 2942 2908 2979 2979 2821 3155 3145 2809 3268 3103 3077 2525 3092 3221 2988 2996 3258 2985 2991 2759 3160 
3182 2887 3085 3101 2878 3368 3207 2866 2938 3116 3088 3144 3290 3009 3107 3484 3354 3231 3424 3298 3092 2684 3249 2896 3168 3108 2975 3325 3139 2557 3247 3090 2948 2966 3273 3463 3311 3154 2982 3048 3060 3082 3068 2905 2885 3086 3098 3115 2873 2956 3164 2935 3522 3219 3165 2890 2686 2935 3118 3255 2877 3233 3173 3224 3198 3136 3052 3186 3321 2702 3159 3140 3134 2997 3226 3119 3150 3251 3283 2960 2941 3053 3053 2817 3223 3244 2771 3150 3111 3168 2715 3331 3242 3209 3064 3116 2928 3067 2958 3203 
2927 2696 2873 2923 2797 3093 2941 2905 2795 3049 2989 2847 3141 2873 2836 3376 3139 3030 3095 3001 2801 2672 3053 2850 3167 3009 2766 3160 2903 2569 3039 2794 2756 2713 3113 3349 3089 2772 2919 2754 2949 3042 2934 2702 2638 2933 3008 3138 2828 2836 2818 2917 3266 2908 2766 2775 2706 2919 3060 3264 2915 3130 3003 2955 3010 2956 3033 3022 2921 2638 2844 3023 2844 2844 2990 3095 3092 3099 3158 2795 2668 2910 3040 2724 2973 3086 2736 2883 2843 2886 2584 2909 3161 2916 2828 3061 2909 2722 2749 2987 
2780 2615 2791 2660 2572 2979 2741 2717 2522 2878 2718 2731 2807 2594 2661 2959 2978 2741 2842 2524 2709 2388 2780 2654 2709 2612 2741 2964 2623 2377 2715 2503 2607 2621 2790 3157 2711 2437 2529 2613 2759 2592 2780 2527 2547 2600 2725 2708 2615 2559 2573 2715 3031 2893 2609 2588 2327 2588 2847 2857 2590 2854 2619 2760 2695 2627 2629 2896 2719 2285 2715 2874 2839 2652 2809 2812 2784 2815 2793 2665 2553 2639 2638 2390 2672 2749 2524 2792 2674 2724 2433 2944 2889 2646 2633 2717 2542 2556 2389 2782 
